Point Estimate of Alpha
    0.55085   -1.14250    0.59165    0.29346    0.02296   -0.31642   -0.95198    0.95198   -0.34769    0.75020   -0.40251


Average of Mean Betas
    0.54844   -1.14355    0.59511    0.29345    0.02281   -0.31626   -0.95174    0.95174   -0.34911    0.75295   -0.40384

Estimated Covariances
    1.71599   -0.21389   -1.50210    0.03557    0.16857   -0.20414   -0.23339    0.23339    0.33627    0.15197   -0.48824
   -0.21389    1.13771   -0.92382    0.07526   -0.00289   -0.07236    0.15943   -0.15943   -0.15314   -0.29500    0.44814
   -1.50210   -0.92382    2.42592   -0.11083   -0.16567    0.27650    0.07396   -0.07396   -0.18314    0.14304    0.04010
    0.03557    0.07526   -0.11083    0.66609   -0.11028   -0.55581   -0.08797    0.08797   -0.11782    0.06514    0.05267
    0.16857   -0.00289   -0.16567   -0.11028    0.54998   -0.43970   -0.04966    0.04966    0.12145   -0.06398   -0.05747
   -0.20414   -0.07236    0.27650   -0.55581   -0.43970    0.99551    0.13762   -0.13762   -0.00364   -0.00116    0.00480
   -0.23339    0.15943    0.07396   -0.08797   -0.04966    0.13762    0.92377   -0.92377    0.02885    0.16259   -0.19145
    0.23339   -0.15943   -0.07396    0.08797    0.04966   -0.13762   -0.92377    0.92377   -0.02885   -0.16259    0.19145
    0.33627   -0.15314   -0.18314   -0.11782    0.12145   -0.00364    0.02885   -0.02885    1.27401   -0.65060   -0.62340
    0.15197   -0.29500    0.14304    0.06514   -0.06398   -0.00116    0.16259   -0.16259   -0.65060    1.68394   -1.03334
   -0.48824    0.44814    0.04010    0.05267   -0.05747    0.00480   -0.19145    0.19145   -0.62340   -1.03334    1.65674
